5
1 1 1 1 1
1 * * * 1
1 * 1 * 1
1 * * * 1
1 1 1 1 1
1 1 3 3
2
0 0
2 3
15
1 1 1 1 1 1 1 1 1 1 1 1 1 1 1
1 0 0 * * * * * * * 1 0 0 0 1
1 0 0 * * * 1 * * * 1 0 0 0 1
1 0 0 * * * 1 * * * 1 0 0 0 1
1 0 0 * * * 1 1 1 * 1 0 0 0 1
1 0 0 0 0 0 1 * * * 1 0 0 0 1
1 0 0 0 0 0 1 * * * 1 0 0 0 1
1 1 1 1 1 1 1 * * * 0 0 0 0 1
1 0 0 0 1 * * * * * 0 0 0 0 1
1 0 0 0 1 * * * * * 0 0 0 0 1
1 * * * 1 * * 1 1 1 1 1 1 1 1
1 * * * 1 * * 0 0 0 0 0 0 0 1
1 * * * * * * 0 0 0 0 0 0 0 1
1 0 0 0 0 0 0 0 0 0 0 0 0 0 1
1 1 1 1 1 1 1 1 1 1 1 1 1 1 1
4 3 10 1
5
9 10
9 9
1 6
0 6
10 1